{
 "cells": [
  {
   "cell_type": "markdown",
   "metadata": {
    "pycharm": {
     "name": "#%% md\n"
    }
   },
   "source": [
    "## EDA"
   ]
  },
  {
   "cell_type": "code",
   "execution_count": 2,
   "metadata": {},
   "outputs": [
    {
     "data": {
      "text/html": [
       "<div>\n",
       "<style scoped>\n",
       "    .dataframe tbody tr th:only-of-type {\n",
       "        vertical-align: middle;\n",
       "    }\n",
       "\n",
       "    .dataframe tbody tr th {\n",
       "        vertical-align: top;\n",
       "    }\n",
       "\n",
       "    .dataframe thead th {\n",
       "        text-align: right;\n",
       "    }\n",
       "</style>\n",
       "<table border=\"1\" class=\"dataframe\">\n",
       "  <thead>\n",
       "    <tr style=\"text-align: right;\">\n",
       "      <th></th>\n",
       "      <th>id</th>\n",
       "      <th>price</th>\n",
       "      <th>bedrooms</th>\n",
       "      <th>bathrooms</th>\n",
       "      <th>sqft_living</th>\n",
       "      <th>sqft_lot</th>\n",
       "      <th>floors</th>\n",
       "      <th>waterfront</th>\n",
       "      <th>view</th>\n",
       "      <th>condition</th>\n",
       "      <th>grade</th>\n",
       "      <th>sqft_above</th>\n",
       "      <th>sqft_basement</th>\n",
       "      <th>yr_built</th>\n",
       "      <th>yr_renovated</th>\n",
       "      <th>zipcode</th>\n",
       "      <th>lat</th>\n",
       "      <th>long</th>\n",
       "      <th>sqft_living15</th>\n",
       "      <th>sqft_lot15</th>\n",
       "    </tr>\n",
       "  </thead>\n",
       "  <tbody>\n",
       "    <tr>\n",
       "      <th>id</th>\n",
       "      <td>1.000000</td>\n",
       "      <td>-0.016772</td>\n",
       "      <td>0.001150</td>\n",
       "      <td>0.005162</td>\n",
       "      <td>-0.012241</td>\n",
       "      <td>-0.131911</td>\n",
       "      <td>0.018608</td>\n",
       "      <td>-0.002727</td>\n",
       "      <td>0.011536</td>\n",
       "      <td>-0.023803</td>\n",
       "      <td>0.008188</td>\n",
       "      <td>-0.010799</td>\n",
       "      <td>-0.005193</td>\n",
       "      <td>0.021617</td>\n",
       "      <td>-0.016925</td>\n",
       "      <td>-0.008211</td>\n",
       "      <td>-0.001798</td>\n",
       "      <td>0.020672</td>\n",
       "      <td>-0.002701</td>\n",
       "      <td>-0.138557</td>\n",
       "    </tr>\n",
       "    <tr>\n",
       "      <th>price</th>\n",
       "      <td>-0.016772</td>\n",
       "      <td>1.000000</td>\n",
       "      <td>0.308787</td>\n",
       "      <td>0.525906</td>\n",
       "      <td>0.701917</td>\n",
       "      <td>0.089876</td>\n",
       "      <td>0.256804</td>\n",
       "      <td>0.266398</td>\n",
       "      <td>0.397370</td>\n",
       "      <td>0.036056</td>\n",
       "      <td>0.667951</td>\n",
       "      <td>0.605368</td>\n",
       "      <td>0.323799</td>\n",
       "      <td>0.053953</td>\n",
       "      <td>0.126424</td>\n",
       "      <td>-0.053402</td>\n",
       "      <td>0.306692</td>\n",
       "      <td>0.022036</td>\n",
       "      <td>0.585241</td>\n",
       "      <td>0.082845</td>\n",
       "    </tr>\n",
       "    <tr>\n",
       "      <th>bedrooms</th>\n",
       "      <td>0.001150</td>\n",
       "      <td>0.308787</td>\n",
       "      <td>1.000000</td>\n",
       "      <td>0.514508</td>\n",
       "      <td>0.578212</td>\n",
       "      <td>0.032471</td>\n",
       "      <td>0.177944</td>\n",
       "      <td>-0.006834</td>\n",
       "      <td>0.080008</td>\n",
       "      <td>0.026496</td>\n",
       "      <td>0.356563</td>\n",
       "      <td>0.479386</td>\n",
       "      <td>0.302808</td>\n",
       "      <td>0.155670</td>\n",
       "      <td>0.018389</td>\n",
       "      <td>-0.154092</td>\n",
       "      <td>-0.009951</td>\n",
       "      <td>0.132054</td>\n",
       "      <td>0.393406</td>\n",
       "      <td>0.030690</td>\n",
       "    </tr>\n",
       "    <tr>\n",
       "      <th>bathrooms</th>\n",
       "      <td>0.005162</td>\n",
       "      <td>0.525906</td>\n",
       "      <td>0.514508</td>\n",
       "      <td>1.000000</td>\n",
       "      <td>0.755758</td>\n",
       "      <td>0.088373</td>\n",
       "      <td>0.502582</td>\n",
       "      <td>0.063744</td>\n",
       "      <td>0.188386</td>\n",
       "      <td>-0.126479</td>\n",
       "      <td>0.665838</td>\n",
       "      <td>0.686668</td>\n",
       "      <td>0.283440</td>\n",
       "      <td>0.507173</td>\n",
       "      <td>0.050544</td>\n",
       "      <td>-0.204786</td>\n",
       "      <td>0.024280</td>\n",
       "      <td>0.224903</td>\n",
       "      <td>0.569884</td>\n",
       "      <td>0.088303</td>\n",
       "    </tr>\n",
       "    <tr>\n",
       "      <th>sqft_living</th>\n",
       "      <td>-0.012241</td>\n",
       "      <td>0.701917</td>\n",
       "      <td>0.578212</td>\n",
       "      <td>0.755758</td>\n",
       "      <td>1.000000</td>\n",
       "      <td>0.173453</td>\n",
       "      <td>0.353953</td>\n",
       "      <td>0.103854</td>\n",
       "      <td>0.284709</td>\n",
       "      <td>-0.059445</td>\n",
       "      <td>0.762779</td>\n",
       "      <td>0.876448</td>\n",
       "      <td>0.435130</td>\n",
       "      <td>0.318152</td>\n",
       "      <td>0.055308</td>\n",
       "      <td>-0.199802</td>\n",
       "      <td>0.052155</td>\n",
       "      <td>0.241214</td>\n",
       "      <td>0.756402</td>\n",
       "      <td>0.184342</td>\n",
       "    </tr>\n",
       "    <tr>\n",
       "      <th>sqft_lot</th>\n",
       "      <td>-0.131911</td>\n",
       "      <td>0.089876</td>\n",
       "      <td>0.032471</td>\n",
       "      <td>0.088373</td>\n",
       "      <td>0.173453</td>\n",
       "      <td>1.000000</td>\n",
       "      <td>-0.004814</td>\n",
       "      <td>0.021632</td>\n",
       "      <td>0.074900</td>\n",
       "      <td>-0.008830</td>\n",
       "      <td>0.114731</td>\n",
       "      <td>0.184139</td>\n",
       "      <td>0.015418</td>\n",
       "      <td>0.052946</td>\n",
       "      <td>0.007686</td>\n",
       "      <td>-0.129586</td>\n",
       "      <td>-0.085514</td>\n",
       "      <td>0.230227</td>\n",
       "      <td>0.144763</td>\n",
       "      <td>0.718204</td>\n",
       "    </tr>\n",
       "    <tr>\n",
       "      <th>floors</th>\n",
       "      <td>0.018608</td>\n",
       "      <td>0.256804</td>\n",
       "      <td>0.177944</td>\n",
       "      <td>0.502582</td>\n",
       "      <td>0.353953</td>\n",
       "      <td>-0.004814</td>\n",
       "      <td>1.000000</td>\n",
       "      <td>0.023755</td>\n",
       "      <td>0.028814</td>\n",
       "      <td>-0.264075</td>\n",
       "      <td>0.458794</td>\n",
       "      <td>0.523989</td>\n",
       "      <td>-0.245715</td>\n",
       "      <td>0.489193</td>\n",
       "      <td>0.006427</td>\n",
       "      <td>-0.059541</td>\n",
       "      <td>0.049239</td>\n",
       "      <td>0.125943</td>\n",
       "      <td>0.280102</td>\n",
       "      <td>-0.010722</td>\n",
       "    </tr>\n",
       "    <tr>\n",
       "      <th>waterfront</th>\n",
       "      <td>-0.002727</td>\n",
       "      <td>0.266398</td>\n",
       "      <td>-0.006834</td>\n",
       "      <td>0.063744</td>\n",
       "      <td>0.103854</td>\n",
       "      <td>0.021632</td>\n",
       "      <td>0.023755</td>\n",
       "      <td>1.000000</td>\n",
       "      <td>0.401971</td>\n",
       "      <td>0.016611</td>\n",
       "      <td>0.082888</td>\n",
       "      <td>0.072109</td>\n",
       "      <td>0.080559</td>\n",
       "      <td>-0.026153</td>\n",
       "      <td>0.092873</td>\n",
       "      <td>0.030272</td>\n",
       "      <td>-0.014306</td>\n",
       "      <td>-0.041904</td>\n",
       "      <td>0.086507</td>\n",
       "      <td>0.030781</td>\n",
       "    </tr>\n",
       "    <tr>\n",
       "      <th>view</th>\n",
       "      <td>0.011536</td>\n",
       "      <td>0.397370</td>\n",
       "      <td>0.080008</td>\n",
       "      <td>0.188386</td>\n",
       "      <td>0.284709</td>\n",
       "      <td>0.074900</td>\n",
       "      <td>0.028814</td>\n",
       "      <td>0.401971</td>\n",
       "      <td>1.000000</td>\n",
       "      <td>0.045999</td>\n",
       "      <td>0.251728</td>\n",
       "      <td>0.167609</td>\n",
       "      <td>0.277078</td>\n",
       "      <td>-0.053636</td>\n",
       "      <td>0.103951</td>\n",
       "      <td>0.084622</td>\n",
       "      <td>0.005871</td>\n",
       "      <td>-0.078107</td>\n",
       "      <td>0.280681</td>\n",
       "      <td>0.072904</td>\n",
       "    </tr>\n",
       "    <tr>\n",
       "      <th>condition</th>\n",
       "      <td>-0.023803</td>\n",
       "      <td>0.036056</td>\n",
       "      <td>0.026496</td>\n",
       "      <td>-0.126479</td>\n",
       "      <td>-0.059445</td>\n",
       "      <td>-0.008830</td>\n",
       "      <td>-0.264075</td>\n",
       "      <td>0.016611</td>\n",
       "      <td>0.045999</td>\n",
       "      <td>1.000000</td>\n",
       "      <td>-0.146896</td>\n",
       "      <td>-0.158904</td>\n",
       "      <td>0.173849</td>\n",
       "      <td>-0.361592</td>\n",
       "      <td>-0.060788</td>\n",
       "      <td>0.002888</td>\n",
       "      <td>-0.015102</td>\n",
       "      <td>-0.105877</td>\n",
       "      <td>-0.093072</td>\n",
       "      <td>-0.003126</td>\n",
       "    </tr>\n",
       "    <tr>\n",
       "      <th>grade</th>\n",
       "      <td>0.008188</td>\n",
       "      <td>0.667951</td>\n",
       "      <td>0.356563</td>\n",
       "      <td>0.665838</td>\n",
       "      <td>0.762779</td>\n",
       "      <td>0.114731</td>\n",
       "      <td>0.458794</td>\n",
       "      <td>0.082888</td>\n",
       "      <td>0.251728</td>\n",
       "      <td>-0.146896</td>\n",
       "      <td>1.000000</td>\n",
       "      <td>0.756073</td>\n",
       "      <td>0.168220</td>\n",
       "      <td>0.447865</td>\n",
       "      <td>0.014261</td>\n",
       "      <td>-0.185771</td>\n",
       "      <td>0.113575</td>\n",
       "      <td>0.200341</td>\n",
       "      <td>0.713867</td>\n",
       "      <td>0.120981</td>\n",
       "    </tr>\n",
       "    <tr>\n",
       "      <th>sqft_above</th>\n",
       "      <td>-0.010799</td>\n",
       "      <td>0.605368</td>\n",
       "      <td>0.479386</td>\n",
       "      <td>0.686668</td>\n",
       "      <td>0.876448</td>\n",
       "      <td>0.184139</td>\n",
       "      <td>0.523989</td>\n",
       "      <td>0.072109</td>\n",
       "      <td>0.167609</td>\n",
       "      <td>-0.158904</td>\n",
       "      <td>0.756073</td>\n",
       "      <td>1.000000</td>\n",
       "      <td>-0.052156</td>\n",
       "      <td>0.424037</td>\n",
       "      <td>0.023251</td>\n",
       "      <td>-0.261570</td>\n",
       "      <td>-0.001199</td>\n",
       "      <td>0.344842</td>\n",
       "      <td>0.731767</td>\n",
       "      <td>0.195077</td>\n",
       "    </tr>\n",
       "    <tr>\n",
       "      <th>sqft_basement</th>\n",
       "      <td>-0.005193</td>\n",
       "      <td>0.323799</td>\n",
       "      <td>0.302808</td>\n",
       "      <td>0.283440</td>\n",
       "      <td>0.435130</td>\n",
       "      <td>0.015418</td>\n",
       "      <td>-0.245715</td>\n",
       "      <td>0.080559</td>\n",
       "      <td>0.277078</td>\n",
       "      <td>0.173849</td>\n",
       "      <td>0.168220</td>\n",
       "      <td>-0.052156</td>\n",
       "      <td>1.000000</td>\n",
       "      <td>-0.133064</td>\n",
       "      <td>0.071233</td>\n",
       "      <td>0.074725</td>\n",
       "      <td>0.110414</td>\n",
       "      <td>-0.144546</td>\n",
       "      <td>0.200443</td>\n",
       "      <td>0.017550</td>\n",
       "    </tr>\n",
       "    <tr>\n",
       "      <th>yr_built</th>\n",
       "      <td>0.021617</td>\n",
       "      <td>0.053953</td>\n",
       "      <td>0.155670</td>\n",
       "      <td>0.507173</td>\n",
       "      <td>0.318152</td>\n",
       "      <td>0.052946</td>\n",
       "      <td>0.489193</td>\n",
       "      <td>-0.026153</td>\n",
       "      <td>-0.053636</td>\n",
       "      <td>-0.361592</td>\n",
       "      <td>0.447865</td>\n",
       "      <td>0.424037</td>\n",
       "      <td>-0.133064</td>\n",
       "      <td>1.000000</td>\n",
       "      <td>-0.224907</td>\n",
       "      <td>-0.347210</td>\n",
       "      <td>-0.148370</td>\n",
       "      <td>0.409993</td>\n",
       "      <td>0.326377</td>\n",
       "      <td>0.070777</td>\n",
       "    </tr>\n",
       "    <tr>\n",
       "      <th>yr_renovated</th>\n",
       "      <td>-0.016925</td>\n",
       "      <td>0.126424</td>\n",
       "      <td>0.018389</td>\n",
       "      <td>0.050544</td>\n",
       "      <td>0.055308</td>\n",
       "      <td>0.007686</td>\n",
       "      <td>0.006427</td>\n",
       "      <td>0.092873</td>\n",
       "      <td>0.103951</td>\n",
       "      <td>-0.060788</td>\n",
       "      <td>0.014261</td>\n",
       "      <td>0.023251</td>\n",
       "      <td>0.071233</td>\n",
       "      <td>-0.224907</td>\n",
       "      <td>1.000000</td>\n",
       "      <td>0.064325</td>\n",
       "      <td>0.029350</td>\n",
       "      <td>-0.068321</td>\n",
       "      <td>-0.002695</td>\n",
       "      <td>0.007944</td>\n",
       "    </tr>\n",
       "    <tr>\n",
       "      <th>zipcode</th>\n",
       "      <td>-0.008211</td>\n",
       "      <td>-0.053402</td>\n",
       "      <td>-0.154092</td>\n",
       "      <td>-0.204786</td>\n",
       "      <td>-0.199802</td>\n",
       "      <td>-0.129586</td>\n",
       "      <td>-0.059541</td>\n",
       "      <td>0.030272</td>\n",
       "      <td>0.084622</td>\n",
       "      <td>0.002888</td>\n",
       "      <td>-0.185771</td>\n",
       "      <td>-0.261570</td>\n",
       "      <td>0.074725</td>\n",
       "      <td>-0.347210</td>\n",
       "      <td>0.064325</td>\n",
       "      <td>1.000000</td>\n",
       "      <td>0.266742</td>\n",
       "      <td>-0.564259</td>\n",
       "      <td>-0.279299</td>\n",
       "      <td>-0.147294</td>\n",
       "    </tr>\n",
       "    <tr>\n",
       "      <th>lat</th>\n",
       "      <td>-0.001798</td>\n",
       "      <td>0.306692</td>\n",
       "      <td>-0.009951</td>\n",
       "      <td>0.024280</td>\n",
       "      <td>0.052155</td>\n",
       "      <td>-0.085514</td>\n",
       "      <td>0.049239</td>\n",
       "      <td>-0.014306</td>\n",
       "      <td>0.005871</td>\n",
       "      <td>-0.015102</td>\n",
       "      <td>0.113575</td>\n",
       "      <td>-0.001199</td>\n",
       "      <td>0.110414</td>\n",
       "      <td>-0.148370</td>\n",
       "      <td>0.029350</td>\n",
       "      <td>0.266742</td>\n",
       "      <td>1.000000</td>\n",
       "      <td>-0.135371</td>\n",
       "      <td>0.048679</td>\n",
       "      <td>-0.086139</td>\n",
       "    </tr>\n",
       "    <tr>\n",
       "      <th>long</th>\n",
       "      <td>0.020672</td>\n",
       "      <td>0.022036</td>\n",
       "      <td>0.132054</td>\n",
       "      <td>0.224903</td>\n",
       "      <td>0.241214</td>\n",
       "      <td>0.230227</td>\n",
       "      <td>0.125943</td>\n",
       "      <td>-0.041904</td>\n",
       "      <td>-0.078107</td>\n",
       "      <td>-0.105877</td>\n",
       "      <td>0.200341</td>\n",
       "      <td>0.344842</td>\n",
       "      <td>-0.144546</td>\n",
       "      <td>0.409993</td>\n",
       "      <td>-0.068321</td>\n",
       "      <td>-0.564259</td>\n",
       "      <td>-0.135371</td>\n",
       "      <td>1.000000</td>\n",
       "      <td>0.335626</td>\n",
       "      <td>0.255586</td>\n",
       "    </tr>\n",
       "    <tr>\n",
       "      <th>sqft_living15</th>\n",
       "      <td>-0.002701</td>\n",
       "      <td>0.585241</td>\n",
       "      <td>0.393406</td>\n",
       "      <td>0.569884</td>\n",
       "      <td>0.756402</td>\n",
       "      <td>0.144763</td>\n",
       "      <td>0.280102</td>\n",
       "      <td>0.086507</td>\n",
       "      <td>0.280681</td>\n",
       "      <td>-0.093072</td>\n",
       "      <td>0.713867</td>\n",
       "      <td>0.731767</td>\n",
       "      <td>0.200443</td>\n",
       "      <td>0.326377</td>\n",
       "      <td>-0.002695</td>\n",
       "      <td>-0.279299</td>\n",
       "      <td>0.048679</td>\n",
       "      <td>0.335626</td>\n",
       "      <td>1.000000</td>\n",
       "      <td>0.183515</td>\n",
       "    </tr>\n",
       "    <tr>\n",
       "      <th>sqft_lot15</th>\n",
       "      <td>-0.138557</td>\n",
       "      <td>0.082845</td>\n",
       "      <td>0.030690</td>\n",
       "      <td>0.088303</td>\n",
       "      <td>0.184342</td>\n",
       "      <td>0.718204</td>\n",
       "      <td>-0.010722</td>\n",
       "      <td>0.030781</td>\n",
       "      <td>0.072904</td>\n",
       "      <td>-0.003126</td>\n",
       "      <td>0.120981</td>\n",
       "      <td>0.195077</td>\n",
       "      <td>0.017550</td>\n",
       "      <td>0.070777</td>\n",
       "      <td>0.007944</td>\n",
       "      <td>-0.147294</td>\n",
       "      <td>-0.086139</td>\n",
       "      <td>0.255586</td>\n",
       "      <td>0.183515</td>\n",
       "      <td>1.000000</td>\n",
       "    </tr>\n",
       "  </tbody>\n",
       "</table>\n",
       "</div>"
      ],
      "text/plain": [
       "                     id     price  bedrooms  bathrooms  sqft_living  sqft_lot  \\\n",
       "id             1.000000 -0.016772  0.001150   0.005162    -0.012241 -0.131911   \n",
       "price         -0.016772  1.000000  0.308787   0.525906     0.701917  0.089876   \n",
       "bedrooms       0.001150  0.308787  1.000000   0.514508     0.578212  0.032471   \n",
       "bathrooms      0.005162  0.525906  0.514508   1.000000     0.755758  0.088373   \n",
       "sqft_living   -0.012241  0.701917  0.578212   0.755758     1.000000  0.173453   \n",
       "sqft_lot      -0.131911  0.089876  0.032471   0.088373     0.173453  1.000000   \n",
       "floors         0.018608  0.256804  0.177944   0.502582     0.353953 -0.004814   \n",
       "waterfront    -0.002727  0.266398 -0.006834   0.063744     0.103854  0.021632   \n",
       "view           0.011536  0.397370  0.080008   0.188386     0.284709  0.074900   \n",
       "condition     -0.023803  0.036056  0.026496  -0.126479    -0.059445 -0.008830   \n",
       "grade          0.008188  0.667951  0.356563   0.665838     0.762779  0.114731   \n",
       "sqft_above    -0.010799  0.605368  0.479386   0.686668     0.876448  0.184139   \n",
       "sqft_basement -0.005193  0.323799  0.302808   0.283440     0.435130  0.015418   \n",
       "yr_built       0.021617  0.053953  0.155670   0.507173     0.318152  0.052946   \n",
       "yr_renovated  -0.016925  0.126424  0.018389   0.050544     0.055308  0.007686   \n",
       "zipcode       -0.008211 -0.053402 -0.154092  -0.204786    -0.199802 -0.129586   \n",
       "lat           -0.001798  0.306692 -0.009951   0.024280     0.052155 -0.085514   \n",
       "long           0.020672  0.022036  0.132054   0.224903     0.241214  0.230227   \n",
       "sqft_living15 -0.002701  0.585241  0.393406   0.569884     0.756402  0.144763   \n",
       "sqft_lot15    -0.138557  0.082845  0.030690   0.088303     0.184342  0.718204   \n",
       "\n",
       "                 floors  waterfront      view  condition     grade  \\\n",
       "id             0.018608   -0.002727  0.011536  -0.023803  0.008188   \n",
       "price          0.256804    0.266398  0.397370   0.036056  0.667951   \n",
       "bedrooms       0.177944   -0.006834  0.080008   0.026496  0.356563   \n",
       "bathrooms      0.502582    0.063744  0.188386  -0.126479  0.665838   \n",
       "sqft_living    0.353953    0.103854  0.284709  -0.059445  0.762779   \n",
       "sqft_lot      -0.004814    0.021632  0.074900  -0.008830  0.114731   \n",
       "floors         1.000000    0.023755  0.028814  -0.264075  0.458794   \n",
       "waterfront     0.023755    1.000000  0.401971   0.016611  0.082888   \n",
       "view           0.028814    0.401971  1.000000   0.045999  0.251728   \n",
       "condition     -0.264075    0.016611  0.045999   1.000000 -0.146896   \n",
       "grade          0.458794    0.082888  0.251728  -0.146896  1.000000   \n",
       "sqft_above     0.523989    0.072109  0.167609  -0.158904  0.756073   \n",
       "sqft_basement -0.245715    0.080559  0.277078   0.173849  0.168220   \n",
       "yr_built       0.489193   -0.026153 -0.053636  -0.361592  0.447865   \n",
       "yr_renovated   0.006427    0.092873  0.103951  -0.060788  0.014261   \n",
       "zipcode       -0.059541    0.030272  0.084622   0.002888 -0.185771   \n",
       "lat            0.049239   -0.014306  0.005871  -0.015102  0.113575   \n",
       "long           0.125943   -0.041904 -0.078107  -0.105877  0.200341   \n",
       "sqft_living15  0.280102    0.086507  0.280681  -0.093072  0.713867   \n",
       "sqft_lot15    -0.010722    0.030781  0.072904  -0.003126  0.120981   \n",
       "\n",
       "               sqft_above  sqft_basement  yr_built  yr_renovated   zipcode  \\\n",
       "id              -0.010799      -0.005193  0.021617     -0.016925 -0.008211   \n",
       "price            0.605368       0.323799  0.053953      0.126424 -0.053402   \n",
       "bedrooms         0.479386       0.302808  0.155670      0.018389 -0.154092   \n",
       "bathrooms        0.686668       0.283440  0.507173      0.050544 -0.204786   \n",
       "sqft_living      0.876448       0.435130  0.318152      0.055308 -0.199802   \n",
       "sqft_lot         0.184139       0.015418  0.052946      0.007686 -0.129586   \n",
       "floors           0.523989      -0.245715  0.489193      0.006427 -0.059541   \n",
       "waterfront       0.072109       0.080559 -0.026153      0.092873  0.030272   \n",
       "view             0.167609       0.277078 -0.053636      0.103951  0.084622   \n",
       "condition       -0.158904       0.173849 -0.361592     -0.060788  0.002888   \n",
       "grade            0.756073       0.168220  0.447865      0.014261 -0.185771   \n",
       "sqft_above       1.000000      -0.052156  0.424037      0.023251 -0.261570   \n",
       "sqft_basement   -0.052156       1.000000 -0.133064      0.071233  0.074725   \n",
       "yr_built         0.424037      -0.133064  1.000000     -0.224907 -0.347210   \n",
       "yr_renovated     0.023251       0.071233 -0.224907      1.000000  0.064325   \n",
       "zipcode         -0.261570       0.074725 -0.347210      0.064325  1.000000   \n",
       "lat             -0.001199       0.110414 -0.148370      0.029350  0.266742   \n",
       "long             0.344842      -0.144546  0.409993     -0.068321 -0.564259   \n",
       "sqft_living15    0.731767       0.200443  0.326377     -0.002695 -0.279299   \n",
       "sqft_lot15       0.195077       0.017550  0.070777      0.007944 -0.147294   \n",
       "\n",
       "                    lat      long  sqft_living15  sqft_lot15  \n",
       "id            -0.001798  0.020672      -0.002701   -0.138557  \n",
       "price          0.306692  0.022036       0.585241    0.082845  \n",
       "bedrooms      -0.009951  0.132054       0.393406    0.030690  \n",
       "bathrooms      0.024280  0.224903       0.569884    0.088303  \n",
       "sqft_living    0.052155  0.241214       0.756402    0.184342  \n",
       "sqft_lot      -0.085514  0.230227       0.144763    0.718204  \n",
       "floors         0.049239  0.125943       0.280102   -0.010722  \n",
       "waterfront    -0.014306 -0.041904       0.086507    0.030781  \n",
       "view           0.005871 -0.078107       0.280681    0.072904  \n",
       "condition     -0.015102 -0.105877      -0.093072   -0.003126  \n",
       "grade          0.113575  0.200341       0.713867    0.120981  \n",
       "sqft_above    -0.001199  0.344842       0.731767    0.195077  \n",
       "sqft_basement  0.110414 -0.144546       0.200443    0.017550  \n",
       "yr_built      -0.148370  0.409993       0.326377    0.070777  \n",
       "yr_renovated   0.029350 -0.068321      -0.002695    0.007944  \n",
       "zipcode        0.266742 -0.564259      -0.279299   -0.147294  \n",
       "lat            1.000000 -0.135371       0.048679   -0.086139  \n",
       "long          -0.135371  1.000000       0.335626    0.255586  \n",
       "sqft_living15  0.048679  0.335626       1.000000    0.183515  \n",
       "sqft_lot15    -0.086139  0.255586       0.183515    1.000000  "
      ]
     },
     "execution_count": 2,
     "metadata": {},
     "output_type": "execute_result"
    },
    {
     "data": {
